-0.58
-0.58
-0.58
-0.58
-0.58
-0.58
-0.58
-0.58
-0.58
-0.58
-0.58
-0.58
-0.58
-0.58
-0.58
-0.58
-0.725
-0.725
-0.58
-0.725
-0.725
-0.725
-0.58
-0.29
-0.435
0.435
-0.145
-0.725
-0.87
-0.29
-0.58
-0.58
-0.87
-0.435
10.442
7.5416
-0.58
-0.58
-0.725
-0.435
0.5801
-0.58
-1.015
-0.435
-0.435
-0.87
-0.58
-0.145
0.0
-0.435
-0.29
-0.29
-0.29
-0.29
-0.145
0.0
0.29
-0.435
-0.58
10.877
9.5721
-0.435
-0.29
-0.145
-0.145
-0.725
-0.29
-0.435
-0.435
-0.435
8.992
-0.145
-0.29
-0.145
-0.145
0.0
-0.29
0.0
-0.435
1.4503
9.4271
9.8622
7.1065
-0.87
0.435
0.29
0.435
-0.58
-0.145
9.8622
-0.58
-0.725
-0.29
-0.725
-0.29
10.877
7.5416
0.435
8.7019
0.145
0.0
0.5801
0.435
0.29
-0.58
-0.435
1.8854
7.2516
6.9615
0.435
1.8854
9.137
0.29
0.5801
0.435
-0.58
-0.435
-0.58
-0.58
6.6715
9.282
10.007
-0.58
0.435
0.435
1.1602
0.145
0.29
0.435
-0.725
-0.87
-0.87
0.0
0.145
10.152
6.5264
-1.74
-0.435
0.29
0.435
3.3357
-0.435
0.435
0.435
7.8317
0.435
0.29
0.29
-0.58
0.435
-0.87
0.7251
-0.435
10.877
6.5264
0.145
0.29
0.29
0.435
0.435
0.145
-0.58
0.145
-0.58
-0.87
-0.725
-0.725
-0.725
-0.725
6.3814
7.5416
9.137
-0.435
0.29
0.435
0.29
-0.435
-0.87
-0.29
0.145
6.8165
6.5264
0.0
-0.725
-0.435
0.435
-0.29
0.435
-0.29
-0.87
-0.145
9.282
6.6715
-0.87
-0.29
0.435
0.0
0.435
0.435
7.9767
-0.145
0.435
0.435
0.435
0.435
-0.145
0.29
-0.87
0.435
7.1065
8.4118
-0.435
-0.58
0.145
0.7251
0.0
-0.29
0.29
-0.145
0.435
6.2364
0.435
0.0
-0.29
0.145
0.29
1.3052
-0.58
0.435
0.435
0.435
-0.435
0.0
-0.58
-0.725
-0.435
-0.725
-0.435
-0.435
0.435
0.435
-0.435
-0.725
-0.725
-0.725
