591.0
610.0
592.0
613.0
615.0
589.0
601.0
597.0
594.0
615.0
591.0
578.0
636.0
742.0
737.0
1062.0
1052.0
1274.0
970.0
1155.0
1237.0
1317.0
1019.0
679.0
1689.0
1773.0
1831.0
1149.0
1056.0
1002.0
2139.0
2218.0
1934.0
1813.0
1512.0
1474.0
1465.0
1433.0
1519.0
1595.0
1629.0
1601.0
1491.0
1550.0
1489.0
1467.0
1455.0
1445.0
1399.0
1337.0
1276.0
1130.0
1110.0
780.0
608.0
620.0
576.0
659.0
1653.0
1353.0
1736.0
2237.0
2548.0
2807.0
2260.0
2446.0
2474.0
2362.0
1859.0
2330.0
1936.0
2008.0
2071.0
2090.0
1820.0
1717.0
1710.0
1781.0
1781.0
1631.0
1724.0
1758.0
1757.0
1693.0
1625.0
1607.0
1667.0
1592.0
1648.0
1637.0
1477.0
1505.0
1537.0
1436.0
1565.0
1639.0
1686.0
1643.0
1699.0
1674.0
1636.0
1727.0
1649.0
1514.0
1462.0
1421.0
1370.0
1286.0
1235.0
1167.0
1090.0
1068.0
1032.0
986.0
887.0
1390.0
1905.0
1611.0
1823.0
1794.0
2155.0
1737.0
1517.0
1717.0
1755.0
1566.0
1540.0
2036.0
1583.0
1636.0
1604.0
1583.0
1552.0
1520.0
1485.0
1517.0
1540.0
1528.0
2060.0
1580.0
1547.0
1489.0
1476.0
1507.0
1605.0
1615.0
1592.0
1482.0
1427.0
1383.0
1283.0
1201.0
1105.0
795.0
734.0
1637.0
2447.0
2213.0
2629.0
2992.0
2442.0
2583.0
2467.0
1861.0
1868.0
1606.0
1332.0
2213.0
1815.0
1831.0
1811.0
2282.0
1963.0
1917.0
1681.0
1660.0
1779.0
1900.0
2019.0
2263.0
1951.0
1894.0
1978.0
2021.0
2015.0
1926.0
1804.0
1888.0
1923.0
1937.0
1972.0
2332.0
1990.0
1924.0
1874.0
1822.0
1870.0
1891.0
1770.0
1764.0
1776.0
1836.0
1847.0
2245.0
2168.0
2190.0
2207.0
2200.0
2251.0
2067.0
1789.0
1626.0
1607.0
1640.0
1740.0
1682.0
1689.0
1699.0
1705.0
1811.0
1781.0
1868.0
2300.0
2257.0
2416.0
2597.0
2544.0
2537.0
2073.0
2192.0
2246.0
2034.0
2305.0
1824.0
1817.0
1989.0
2377.0
2330.0
2292.0
1892.0
2005.0
2406.0
2317.0
2134.0
1695.0
1632.0
1716.0
1927.0
1993.0
2017.0
2007.0
1963.0
1977.0
1923.0
1813.0
1852.0
1822.0
1847.0
1734.0
1712.0
1717.0
1753.0
1768.0
1807.0
1721.0
1705.0
1688.0
1698.0
1745.0
1768.0
1780.0
1812.0
1819.0
1885.0
1852.0
1889.0
1878.0
1724.0
1799.0
1674.0
1643.0
1547.0
1381.0
1385.0
1262.0
819.0
1897.0
2134.0
2264.0
2370.0
2190.0
2273.0
2338.0
1930.0
1947.0
1994.0
2035.0
2060.0
2069.0
1845.0
1774.0
1722.0
1735.0
1767.0
1821.0
1948.0
1855.0
1867.0
1803.0
1880.0
1754.0
1853.0
1871.0
2135.0
2247.0
2173.0
1789.0
1771.0
1563.0
1608.0
1590.0
1711.0
1705.0
1642.0
1642.0
1660.0
1435.0
1348.0
1283.0
2253.0
2174.0
1564.0
2184.0
1839.0
1926.0
1666.0
1917.0
1896.0
1871.0
1921.0
1935.0
1926.0
1821.0
1592.0
1475.0
1595.0
1448.0
1497.0
1556.0
1580.0
1404.0
1487.0
1560.0
1635.0
1668.0
1655.0
1544.0
1411.0
1545.0
1788.0
2255.0
2411.0
2194.0
1885.0
2026.0
2393.0
2364.0
2151.0
2105.0
1967.0
2189.0
2193.0
2048.0
1963.0
2104.0
2068.0
2098.0
1535.0
1339.0
1363.0
1979.0
1911.0
1360.0
1340.0
1401.0
1463.0
1483.0
1466.0
1540.0
1640.0
1362.0
1263.0
1222.0
1838.0
2253.0
2272.0
1977.0
1614.0
1517.0
1509.0
1606.0
1557.0
1655.0
1542.0
1646.0
1504.0
1543.0
1973.0
1255.0
2012.0
1443.0
1533.0
1538.0
1454.0
1324.0
1351.0
1331.0
1311.0
1273.0
1224.0
1186.0
1117.0
1063.0
1182.0
711.0
662.0
1837.0
2314.0
2840.0
3388.0
2400.0
2554.0
2725.0
1942.0
2039.0
2095.0
2230.0
2344.0
2219.0
1567.0
1614.0
1565.0
1428.0
1551.0
1656.0
1702.0
1755.0
1781.0
1785.0
1703.0
1635.0
1521.0
1530.0
1351.0
1290.0
1324.0
1687.0
1299.0
1425.0
1401.0
1133.0
1021.0
1107.0
852.0
1917.0
2103.0
2185.0
1558.0
1604.0
1707.0
1703.0
1652.0
1580.0
1501.0
2272.0
2197.0
2268.0
2228.0
2092.0
2067.0
2216.0
2285.0
2271.0
1875.0
1591.0
1416.0
1626.0
1413.0
1154.0
1217.0
1265.0
1421.0
1623.0
1276.0
1257.0
1215.0
1291.0
1494.0
1594.0
1588.0
1501.0
1484.0
2045.0
2058.0
2070.0
2082.0
2178.0
2220.0
2181.0
2145.0
1959.0
1865.0
1881.0
1871.0
1687.0
1053.0
1113.0
1199.0
1213.0
1206.0
1378.0
1537.0
1511.0
1302.0
1190.0
1159.0
1042.0
794.0
873.0
824.0
1807.0
2167.0
2237.0
2077.0
1129.0
814.0
922.0
715.0
592.0
