0.0
0.0
0.0
0.0
0.0
0.0
0.0
0.0
0.0
0.0
0.0
0.0
1.2428
3.7284
4.3498
4.9712
7.4568
8.6996
7.4568
6.214
8.6996
9.9424
8.6996
3.107
6.8354
13.6708
19.2634
21.1276
21.1276
18.642
20.5062
26.7202
32.3128
34.7984
36.0412
37.284
37.9054
37.9054
37.9054
38.5268
40.391
41.0124
41.6338
41.6338
41.6338
41.6338
41.0124
41.0124
39.7696
37.9054
36.0412
31.6914
23.6132
13.6708
1.8642
0.0
0.0
0.0
5.5926
12.428
14.9136
19.8848
26.0988
31.6914
34.7984
37.284
40.391
42.8766
44.1194
45.9836
49.0906
50.3334
52.1976
54.0618
55.3046
55.3046
54.6832
54.6832
54.6832
54.0618
53.4404
53.4404
53.4404
53.4404
52.819
52.1976
51.5762
50.9548
50.3334
50.3334
49.712
49.0906
49.712
49.0906
48.4692
48.4692
49.712
49.712
49.712
50.9548
50.9548
50.9548
51.5762
50.9548
49.712
48.4692
46.605
44.1194
40.391
39.1482
35.4198
32.3128
28.5844
19.8848
15.535
16.7778
20.5062
26.0988
30.4486
33.5556
36.0412
39.7696
42.2552
42.8766
44.1194
45.3622
45.9836
45.9836
47.2264
47.8478
48.4692
47.2264
46.605
45.9836
45.9836
45.3622
45.3622
45.3622
45.3622
46.605
47.8478
48.4692
49.0906
50.3334
51.5762
51.5762
51.5762
50.3334
48.4692
47.2264
44.1194
35.4198
23.6132
13.0494
3.7284
6.214
14.2922
21.749
27.963
34.177
38.5268
42.2552
45.3622
46.605
46.605
45.3622
44.1194
43.498
45.3622
45.3622
44.7408
44.7408
47.2264
49.0906
50.9548
52.1976
54.0618
55.926
57.1688
58.4116
59.033
59.033
59.033
60.8972
62.14
62.14
61.5186
59.6544
59.033
59.6544
60.2758
60.2758
60.2758
59.6544
58.4116
57.1688
56.5474
56.5474
56.5474
55.926
55.3046
54.6832
54.6832
55.3046
55.926
56.5474
56.5474
56.5474
55.926
55.3046
54.6832
54.0618
53.4404
54.6832
55.926
57.1688
57.1688
57.1688
58.4116
57.7902
57.7902
57.1688
57.1688
56.5474
55.926
57.7902
57.7902
56.5474
55.926
57.1688
59.033
59.6544
60.2758
59.033
57.7902
59.6544
62.14
60.8972
59.033
58.4116
59.033
60.8972
59.6544
57.1688
56.5474
55.3046
55.926
59.6544
61.5186
61.5186
61.5186
61.5186
61.5186
61.5186
59.6544
59.033
58.4116
59.033
59.033
58.4116
57.7902
58.4116
57.7902
55.926
54.0618
52.819
52.1976
52.1976
52.819
54.0618
55.926
56.5474
57.1688
57.7902
58.4116
58.4116
59.033
59.033
58.4116
57.7902
56.5474
53.4404
49.0906
41.0124
30.4486
16.7778
14.2922
20.5062
26.7202
32.3128
37.9054
41.6338
43.498
44.7408
45.3622
47.8478
49.712
51.5762
52.819
54.0618
55.3046
54.0618
54.6832
54.6832
54.6832
54.6832
54.0618
52.819
52.819
54.0618
56.5474
56.5474
56.5474
56.5474
56.5474
55.926
54.6832
53.4404
51.5762
50.3334
49.0906
49.0906
49.712
50.9548
50.9548
50.3334
49.0906
46.605
44.1194
41.6338
43.498
44.1194
43.498
45.3622
45.9836
45.9836
45.3622
45.9836
46.605
45.9836
45.9836
46.605
47.2264
45.3622
42.2552
41.0124
41.0124
41.6338
43.498
44.1194
46.605
49.712
52.1976
54.6832
56.5474
57.1688
55.3046
50.3334
45.3622
41.0124
40.391
42.2552
45.3622
46.605
48.4692
50.9548
52.819
54.0618
54.0618
52.819
50.9548
50.9548
50.9548
49.0906
47.8478
47.2264
48.4692
48.4692
45.9836
42.8766
41.0124
42.2552
43.498
44.7408
46.605
49.0906
49.712
50.3334
49.0906
49.0906
47.2264
42.8766
37.284
36.0412
39.7696
44.1194
48.4692
50.3334
50.3334
49.712
49.0906
48.4692
47.8478
47.8478
47.8478
47.2264
44.7408
43.498
42.2552
40.391
41.0124
40.391
41.6338
44.1194
44.7408
44.7408
44.1194
43.498
42.8766
41.6338
39.1482
36.6626
32.9342
24.856
14.9136
4.9712
6.214
12.428
18.0206
22.9918
26.0988
27.3416
31.07
33.5556
34.7984
38.5268
41.0124
42.8766
42.8766
39.7696
36.6626
36.0412
39.1482
42.2552
45.3622
48.4692
48.4692
48.4692
49.0906
49.712
49.712
47.2264
46.605
45.9836
44.1194
42.8766
44.1194
43.498
41.0124
39.7696
37.284
34.177
26.0988
16.7778
14.2922
18.642
24.2346
26.7202
24.856
23.6132
22.9918
22.3704
21.749
21.749
21.1276
22.9918
24.2346
24.856
23.6132
22.3704
22.9918
24.2346
24.2346
22.9918
20.5062
16.1564
13.0494
13.6708
14.9136
14.9136
16.1564
17.3992
20.5062
24.2346
24.2346
24.2346
24.856
26.7202
27.963
27.963
26.0988
22.9918
21.1276
21.749
20.5062
18.0206
18.0206
19.8848
20.5062
21.1276
21.749
23.6132
22.9918
22.9918
21.749
21.1276
21.749
22.9918
24.2346
23.6132
26.0988
29.8272
31.07
27.3416
24.2346
22.9918
20.5062
15.535
10.5638
8.6996
9.9424
17.3992
21.749
22.9918
19.8848
14.2922
12.428
6.214
0.0
