735.0
668.0
715.0
693.0
753.0
943.0
1451.0
1324.0
1091.0
1037.0
885.0
690.0
1582.0
1472.0
1017.0
920.0
1350.0
821.0
1600.0
1617.0
1335.0
1186.0
916.0
714.0
731.0
1547.0
2173.0
2031.0
1197.0
1052.0
813.0
724.0
696.0
700.0
724.0
707.0
712.0
729.0
717.0
1409.0
2021.0
1960.0
2464.0
2927.0
2581.0
2629.0
2665.0
2510.0
2189.0
2237.0
1944.0
1874.0
1831.0
1771.0
1883.0
1868.0
1920.0
1900.0
1907.0
1976.0
1877.0
1940.0
1969.0
1924.0
1935.0
1862.0
1871.0
1907.0
1744.0
1725.0
1780.0
1677.0
1649.0
1629.0
1608.0
1654.0
1619.0
1543.0
1527.0
1497.0
1467.0
1456.0
1496.0
1444.0
1436.0
1593.0
1462.0
1449.0
1583.0
1503.0
1430.0
1570.0
1594.0
1684.0
1548.0
1540.0
1474.0
1451.0
1582.0
1659.0
1480.0
1457.0
1413.0
1326.0
1229.0
1289.0
1023.0
930.0
935.0
724.0
730.0
745.0
738.0
731.0
728.0
727.0
724.0
724.0
727.0
717.0
714.0
1301.0
1720.0
1262.0
920.0
639.0
735.0
682.0
728.0
725.0
731.0
721.0
724.0
1610.0
2307.0
2419.0
2531.0
2681.0
1178.0
1053.0
943.0
894.0
784.0
688.0
711.0
735.0
891.0
1804.0
2124.0
2412.0
2098.0
1604.0
1207.0
1009.0
995.0
859.0
687.0
686.0
695.0
730.0
731.0
724.0
716.0
1170.0
2329.0
2296.0
1870.0
1217.0
1238.0
1180.0
1038.0
1019.0
777.0
708.0
713.0
727.0
731.0
787.0
1893.0
2186.0
1709.0
1805.0
1778.0
1981.0
2121.0
1582.0
1499.0
1627.0
1533.0
1557.0
1514.0
1441.0
1355.0
1493.0
1214.0
1158.0
1015.0
988.0
805.0
691.0
1093.0
1476.0
1629.0
2136.0
1580.0
1436.0
1270.0
1153.0
940.0
903.0
731.0
739.0
736.0
728.0
721.0
713.0
696.0
739.0
703.0
716.0
726.0
715.0
1205.0
1672.0
1359.0
1429.0
1466.0
1020.0
1545.0
1961.0
1600.0
1661.0
1451.0
1387.0
1302.0
1229.0
1153.0
1121.0
1232.0
1080.0
810.0
802.0
709.0
1342.0
1535.0
1506.0
1338.0
1218.0
1037.0
943.0
896.0
927.0
716.0
1068.0
794.0
733.0
735.0
1088.0
738.0
1207.0
1246.0
1171.0
1172.0
1111.0
864.0
785.0
716.0
744.0
730.0
