604.0
592.0
629.0
1424.0
861.0
1813.0
2216.0
2633.0
2247.0
2052.0
1510.0
1876.0
2798.0
3431.0
3757.0
2729.0
3065.0
3334.0
3450.0
3226.0
1931.0
1772.0
1620.0
1454.0
1287.0
1581.0
1298.0
1396.0
1482.0
1393.0
1357.0
2111.0
1402.0
1410.0
1405.0
1511.0
2408.0
2790.0
1746.0
1440.0
1242.0
1215.0
761.0
1213.0
1602.0
2505.0
1399.0
774.0
643.0
709.0
844.0
686.0
669.0
1832.0
2450.0
1196.0
708.0
1922.0
2617.0
2881.0
3415.0
3421.0
3684.0
2818.0
3022.0
3160.0
2645.0
1975.0
2832.0
2471.0
1994.0
2870.0
3031.0
1864.0
1575.0
2171.0
1691.0
1725.0
1198.0
857.0
799.0
791.0
1014.0
2462.0
2281.0
1960.0
1465.0
1388.0
1384.0
1353.0
1294.0
2154.0
1337.0
1250.0
1104.0
1049.0
1202.0
2421.0
2669.0
2790.0
2276.0
2897.0
2587.0
2094.0
2740.0
2968.0
3238.0
1552.0
2160.0
2219.0
2404.0
1736.0
